cm<-c(1,2,3,4,1,2,3,4,1,2,3)
mc<-c(1,2,3,1,2,3,1,2,3,4,5)
ml<-c(1,2,3,1,2,3,4,1,2,3,4)