cm<-c(1940,2030,1002,3532,3477,3255,1519,3477,188,399,3068,3477,3477,584,3477,2934,3477,3292,3477,2549,2570,3477,3477,3477,3477,945,3322,3316,2167,3477,3455,3247,3477,257,3477,1151,924,2517,2181,3477,3086,3477,3477,1699,1174,2763,2695,2766,2876,2893,3477,689,3477,3098,2771,1064,3117,3477,3477,1539,3477,2370,916,643,884,3477,3477,485,3477,3477,2544,3186,3231,3477,72,3493,1667,3477,1958,3477,2694,3477,561,3477,2409,3514,2693,3477,3477,711,1841,2865,3477,1226,3477,1316,1695,2006,339,459,3477,2515,2044,2197,2553,3477,960,2648,3477,3477,289,1959,1580,692,1602,3477,144,193,175,3477,939,2022,737,2664,2377,3477,3477,1560,1572,3364,1558,3477,3477,3477,626,3477,727,2497,2813,3477,2911,3477,3477,3477,3477,3477,3477,3477,3477,2703,479,1550,2179,3477,3435,607,3527,101,656,3477,3477,3477,3477,1756,1871,37,2832,3417,1524,2746,3477,782,1850,2284,3477,1794,2761,2195,3477,2094,2852,2523,3477,93,3477,3299,2013,3477,3477,381,349,1535,460,855,3477,869,3516,3476,2395,3477,2611,388,2783,3477,2315,3477,3477,1375,1759,2268,3477,1909,406,3198,3477,2063,3477,3127,2791,2464,3477,1526,166,324,2931,3477,2518,3349,3477,2924,3477,512,458,2809,3477,3477,3477,3477,3132,2415,1166,1838,3477,870,431,2566,3153,1538,3477,3477,3477,487,3214,3233,3477,1024,1426,2221,1351,2794,587,3477,3477,1177,769,3313,3477,3138,3477,443,3477,71,826,811,279,3477,2113,3477,3477,3477,3477,1004,2993,3477,169,3477,3477,2966,3477,3477,3477,793,68,2084,3543,3171,2105,3477,1781,3477,3477,3046,1331,2,1346,3477,3477,3477,3477,3477,3477,650,503,3425,3477,3048,396,801,350,2999,2414,1118,3477,763,3121,1729,3477,3477,3477,3477,18,787,2352,3477,1494,1974,3477,2598,1512,3477,3477,3477,3477,2638,2851,433,3477,3477,1763,3477,954,3477,3477,1722,1675,3165,3192,264,3240,3477,1462,2160,3477,241,2489,2888,3466,11,2524,3477,1142,3104,3477,2247,1074,2711,565,541,81,3477,602,3363,3444,1528,3013,145,2300,1407,2319,3477,1791,3477,3477,170,1427,3477,427,3477,3477,3477,2752,3477,514,3477,3477,3477,847,3477,2003,465,1771,3477,1785,2269,1612,724,3477,3477,3477,3477,146,120,3499,3451,2438,1505,3477,1915,3477,751,2139,3420,2349,3477,3477,3477,3477,3477,2848,3314,1212,2386,2958,3066,1599,3477,3477,1853,2710,2354,3477,1311,1627,3477,3477,250,852,1195,270,3310,3477,2602,3477,2709,3477,1735,3477,3311,3477,3477,3477,2545,3477,3477,3477,2481,3477,3477,3113,3458,2665,3217,3477,2286,3477,2295,3328,1873,1807,3477,2096,3378,2184,2474,3477,3362,1502,1900,2742,150,425,2133,3477,3281,3477,1784,768,345,1846,3477,3256,474,2957,3477,3187,3403,3477,3477,3570,627,3477,3502,3065,2753,246,3477,1986,3133,248,3477,125,2591,820,240,3477,3477,3477,1322,3477,3477,3477,829,1980,1816,3477,6,3224,3477,3477,3477,3477,1566,1060,3477,3477,3477,390,2010,3477,1945,2242,3477,3477,3477,767,3477,3477,3477,163,1574,3477,3477,3477,3477,3477,2858,671,3477,3477,3477,3477,3477,1689,1883,3477,3477,2475,1263,448,1554,1511,1073,1290,2419,1714,3477,108,3477,3477,1927,3477,2445,2059,2273,3477,3477,3477,1854,2303,1720,3477,3315,3477,3477,591,421,2705,2115,3477,3298,3237,1483,3477,3477,2209,3477,2435,901,3477,2578,520,40,3428,0,3144,2200,3477,2925,3477,1006,3477,1698,2555,3477,3477,3477,2392,1926,2825,477,2270,2369,3477,3477,3477,3295,3180,2235,3477,445,3477,2610,3477,2442,1353,3477,1154,3477,1098,3032,3199,3477,1371,1355,1337,2683,895,2920,3169,1498,1635,1488,3477,3477,1399,3477,1221,1747,1976,2107,3477,3477,2498,3477,1653,3003,3477,701,556,3477,582,1225,3477,1783,3477,1670,1475,392,1618,670,340,3477,1564,3477,1948,3477,2082,2141,2280,2485,3477,3477,3442,658,1709,3477,1440,2887,2198,3415,1042,2616,3477,3477,3477,3477,3477,1943,3447,1765,1456,2417,3477,3470,2152,3477,3477,970,3477,3477,3477,559,3477,3215,3300,3061,3477,3477,416,664,1063,2116,3094,1501,3477,3477,3020,976,2799,609,1136,2586,3477,308,2829,1465,3477,3438,3477,3477,2029,1776,605,3335,2787,3176,1374,2969,3011,2287,699,715,3477,3477,143,3022,1521,266,412,3521,2849,3477,2927,3477,3477,3477,2276,3477,1546,606,3477,3477,3477,3477,1530,1965,3477,3477,3197,3477,2529,3168,2433,3477,3518,1924,1916,3477,2362,3477,3477,2574,3477,3477,3544,3208,663,130,3477,2436,3477,371,1037,698,3552,3540,3427,2429,3477  ,1691,3477,3477,1308,1137,3477,629,3477,3477,3477,3351,902,3477,3477,1995,3453,2199,2178,3477,3477,745,3471,903,1302,1660,2154,3154,3477,2833,415,3477,498,1951,1180,3477,1388,1575,1110,2041,3548,3193,772,2914,3477,3040,3069,3477,290,1314,3477,3111,3125,2639,3496,3477,3015,3477,1080,753,888,3477,1562,2552,1158,3293,3477,3477,2228,3114,2323,3567,446,3477,3092,1246,1592,620,1811,3477,510,3477,347,653,1701,1843,931,3477,3477,1478,3477,3477,3477,1754,3536,2945,2048,775,3477,3477,3477,3430,1656,1472,3477,1305,3477,2140,50,3204,2380,3477,3477,3477,3081,2992,1606,2630,842,3477,1591,3477,975,2717,454,2472,672,3342,3477,469,682,3332,3477,2292,535,3477,2615,2604,3079,1188,3477,3477,1414,3477,3477,3134,3477,2367,2477,1989,837,726,3477,2995,3477,382,1780,97,934,3477,2593,766,3477,3477,3477,1204,1913,3477,904,925,3265,3250,2910,1245,3477,3477,3477,260,524,3477,1194,999,3248,3474,2443,3477,2119,3477,3477,1545,2208,2226,2729,1278,3477,2891,3477,552,3477,860,3477,3030,1851,1420,3477,3477,1133,675,1603,3477,2101,3477,1999,2423,3477,3477,3139,928,3477,3490,3477,2131,3477,2007,3477,1626,3477,1341,1235,3477,966,2149,3477,288,3477,1874,3551,666,114,3240,1014,3477,2660,3477,3478,3477,2336,3477,1457,2083,3477,3477,3477,3477,3477,1727,360,3477,1051,3477,3477,217,2093,3057,3477,3477,212,320,1907,3477,1178,1078,1273,118,3477,3477,2697,128,3405,3460,3477,3477,2397,3477,3477,2404,3477,2786,1568,3477,2536,2155,389,152,1798,3477,299,789,89,2513,3507,3477,883,3477,186,864,2488,511,274,2642,2092,2291,3477,3477,3477,177,857,525,742,3477,2071,891,2658,1649,2368,42,2168,438,1629,1937,805,3477,3477,3477,3519,309,3477,3156,1647,2522,2338,3534,304,3477,3373,3477,259,3520,341,3562,3441,3477,3282,596,3055,3477,3477,2232,2756,3477,3319,3012,31,2500,3477,3477,3477,2864,2465,3506,1898,3149,3477,3253,2312,3477,3477,3491,3477,2590,2757,593,1711,3477,3477,3477,3477,363,1099,1115,3477,3477,3477,1114,1101,1141,3477,3477,3477,1826,2310,2827,3545,3477,3477,3477,2075,794,2850,1919,1,3477,2926,2387,3477,2389,3477,3477,1888,2540,2612,2332,3477,3477,1284,3407,481,3158,3560,2869,1661,2842,3477,1861,1876,3477,3477,3477,1452,3170,1062,841,3477,3477,3477,2114,3477,2954,3162,1189,3477,1673,3477,3062,3141,3254,3477,3477,3347,3477,1159,313,471,2342,2246,3477,3477,3477,1368,157,599,2275,2526,1541,2192,1147,3477,3477,3452,3424,331,814,914,2036,3477,1255,3477,3533,2091,3477,3477,957,3477,540,3477,3043,1867,569,3021,1906,3477,2440,3477,3477,802,3477,2378,3477,1868,2956,3355,3467,3213,3477,80,1199,3477,1721,3477,824,2458,3290,3482,330,3009,3477,1146,3477,3477,3477,3477,1899,3477,3477,3477,3477,2313,3459,311,3477,2400,2505,2874,735,2331,3477,3477,1203,174,3477,850,384,1412,1396,2670,3477,3477,3477,3477,3477,547,3411,3053,269,1403,851,736,3477,3477,3477,783,2632,3524,3477,3477,3559,3477,1459,3477,927,3477,868,2164,3306,3477,3477,1706,2317,3477,3477,370,3477,2403,3515,1547,3566,1020,696,1126,2301,1469,2224,2687,3028,1039,3477,3080,3477,3477,1019,843,3477,129,1463,1451,3097,2102,3508,3477,3477,3477,1287,475,1896,800,377,2491,1218,2080,3024,3477,3477,3477,3523,3477,234,2309,1130,1402,3477,3477,2068,2496,3103,3477,3477,3477,3477,513,2111,2805,403,1589,2675,463,3477,3477,1360,2708,1312,3477,1845,1230,500,3477,1181,691,738,3477,1091,1012,3477,3477,3457,3477,2951,2774,1271,2379,3477,3477,3477,354,287,2243,3302,3477,1280,3477,944,2165,3477,3477,3477,165,2118,3288,1411,2677,1416,1187,3395,2537,2603,3477,3419,3243,3477,3477,668,3477,3477,2617,1022,276,2859,3477,3388,3477,3477,1733,3477,3477,719,3477,3477,362,3477,1309,3477,1895,3115,1882,2050,3279,3477,3477,2802,2256,1994,3082,953,968,3477,1326,3477,604,3477,1922,2188,2744,2725,2971,3477,3512,3477,3477,1125,219,749,705,3477,3550,1425,1525,2122,3477,3477,3477,1645,3477,1315,1652,1979,1330,2542,1480,78,3477,94,3477,538,2283,1552,3477,3477,161,1598,3477,3477,3477,468,2335,3477,3477,1772,3477,3477,3477,3477,1190,2412,3477,1094,788,325,776,3477,3331,3477,3477,3477,