cm<-c(648,1583,3564,648,648,563,648,802,648,648,3466,1091,2937,526,2752,1914,3754,1554,2859,233,3293,1205,915,648,2612,648,2496,927,648,1656,1732,648,1525,648,2279,648,1676,3399,648,524,648,1095,2210,648,3433,744,1985,444,648,1563,648,1772,648,1493,1176,1669,2268,3052,2704,648,2295,919,2717,180,648,2476,648,1432,648,648,1720,3687,648,603,75,648,2951,2990,648,648,648,1829,163,2768,648,495,513,1511,3136,690,648,648,1246,648,33,648,2105,648,648,1377,1721,1586,3096,2368,2418,648,194,3124,648,1791,206,934,2839,1815,406,1553,648,1939,696,901,648,1190,648,1299,634,648,648,3207,3245,648,853,695,2699,648,3064,3084,648,3102,648,648,498,648,1545,3663,648,3231,648,1364,659,3537,1162,1577,2564,648,1592,591,648,1606,1630,648,409,1098,648,489,1267,1716,2556,648,3377,648,1026,648,648,648,648,648,1226,648,648,648,1532,949,648,648,648,648,887,648,648,648,648,607,648,648,2227,648,139,255,648,648,648,648,648,648,2901,2851,2874,648,648,2347,2673,142,2888,648,648,648,1232,3477,648,648,2939,2728,648,2991,648,3133,648,3128,2831,365,648,1516,267,648,648,679,643,648,3115,746,1027,648,648,663,1199,1557,1571,1589,1464,897,648,648,648,2304,2896,73,648,648,1813,648,648,648,2287,2878,2505,648,1928,648,648,648,648,93,1297,2125,706,648,648,2633,648,648,1264,2432,2866,1179,648,1388,1903,648,648,1418,648,826,648,648,3763,648,648,1980,648,958,1257,1718,648,1478,1765,482,610,2172,648,3655,648,648,648,648,533,540,648,1937,648,3006,2024,854,648,223,1152,648,648,648,648,1540,1141,648,3467,648,2103,648,648,3131,1137,1115,3250,648,648,648,235,1562,231,355,2118,417,402,389,2931,2174,648,2872,648,3731,648,2985,648,648,1812,648,2008,2337,507,1465,466,648,648,648,1301,3351,648,2076,648,1696,648,648,2891,2282,648,3062,2544,2052,3747,648,648,2154,648,1989,648,1114,514,648,979,648,3512,370,1120,660,2119,2183,360,2671,1043,1263,3481,648,648,394,3735,648,2669,2729,1607,648,648,460,648,2469,978,1961,648,938,648,648,648,1221,178,225,884,648,2345,3756,648,658,237,156,1706,648,648,3339,699,648,3186,476,648,3720,648,2046,648,648,46,741,2842,2000,3070,993,137,648,69,36,648,648,2801,2414,648,2072,1128,1225,359,648,648,648,1314,648,686,648,1979,229,2431,648,1398,2605,2555,953,2698,648,3673,1774,648,648,648,2989,3095,1666,1708,648,1591,842,648,648,29,561,648,873,2526,1811,1826,1845,834,648,648,3069,1317,648,2885,1546,1396,648,3313,648,648,3140,675,648,1662,1517,648,1507,737,648,648,221,648,1123,648,2163,3732,648,196,648,648,3312,3539,1840,3349,648,2250,1439,1002,648,757,704,648,648,1765,648,674,648,648,648,3472,623,2267,2663,648,2642,2635,3148,2063,3408,622,3130,712,321,648,648,3284,648,648,648,964,648,648,2100,648,648,648,648,1472,1701,648,648,648,648,2645,948,2064,648,648,1310,648,648,3422,648,648,648,648,648,648,648,1497,648,3097,648,184,648,314,3636,648,1488,648,855,648,648,648,1917,398,648,2003,3309,648,648,2045,2393,1659,3432,298,3678,2949,648,648,890,648,1804,673,648,3409,648,648,648,207,2261,238,648,648,1073,648,2603,856,2793,648,3566,2235,648,648,648,239,49,3319,1698,648,648,648,2736,994,1665,648,2397,648,648,648,648,648,648,3691,478,2482,1705,2865,648,648,2311,648,648,3311,3168,648,648,2211,864,3202,42,2715,3540,2569,2558,3617,1987,1542,1265,648,3003,648,3050,2719,70,648,1227,648,2952,648,2128,648,3291,789,648,3287,3442,342,1584,1172,2813,1565,3085,3063,715,762,648,648,1929,1463,2403,1055,1104,1087,648,3306,1298,405,648,2718,3635,505,1153,1758,933,751,3722,648,2650,648,1127,1367,3051,871,648,258,2372,103,648,648,2448,1912,648,2585,648,648,648,1681,2200,648,2961,648,170,648,648,648,648,256,517,3316,3155,648,66,2816,648,3369,648,3445,1229,648,1368,648,648,3672,648,648,1072,2561,3608,648,283,2672,252,840,648,648,648,2932,274,3444,1157,1344,3165,3176,648,648,1703,1193,2546,2860,648,648,648,2370,3728,697,1661,648,2460,648,1259,648,648,648,2098,648,1763,648,648,648,648,3342,455,648,14,648,648,648,648,333,2521,2539,898,846,865,8,50,89,648,648,648,648,2845,648,648,644,3356,1046,2643,2288,815,648,648,648,648,2583,3345,1124,648,648,3482,648,1191,648,648,1326,97,648,648,3785,648,2359,3411,3684,648,970,648,1999,1911,648,2,648,648,648,648,1436,648,648,1196,3679,648,648,1363,648,648 ,648,3156,648,3370,648,1242,3227,648,367,648,828,1952,971,2533,2744,648,2812,648,648,648,648,1410,2632,86,2994,2661,619,648,2228,648,648,2423,3697,648,648,3001,3020,544,648,1951,3762,3545,576,2025,648,3012,458,3548,648,648,648,1118,1212,2773,2712,3099,1643,2110,648,648,648,648,1847,1728,648,648,1033,3721,92,1689,3659,609,484,1790,648,648,648,2111,648,3562,648,3554,3325,648,648,648,885,648,648,2392,753,2407,648,648,3008,1883,408,3018,648,2259,3103,648,54,2870,1523,296,3350,648,648,186,2112,648,243,796,648,648,648,1973,648,648,648,648,648,648,648,648,648,648,2803,693,648,564,648,648,1992,648,862,648,648,497,2838,2779,648,2169,3294,2557,874,1208,1588,2823,2777,648,2640,2420,410,1174,2734,648,80,648,2525,648,648,1313,3204,648,648,2575,648,1320,648,1807,593,648,1886,290,648,1006,2617,648,2656,1725,784,782,1155,471,611,648,648,2040,648,648,648,648,397,648,642,3468,648,13,222,2944,2536,648,2573,648,648,3551,798,648,2628,1621,632,648,648,648,203,648,648,648,3239,1538,3607,3094,648,1512,648,648,648,648,648,3603,648,648,1316,648,2494,648,2691,648,648,3267,648,2613,2156,648,648,648,2215,558,648,648,648,2630,3285,648,1824,648,131,3664,1680,2005,1065,2127,2122,2784,648,545,648,648,1391,3453,1222,2987,2409,648,976,1946,648,648,2538,1568,648,648,648,2243,2627,1390,648,739,648,1217,1852,1251,302,648,803,648,1642,648,648,2070,648,3583,648,1327,648,1494,707,3030,648,648,648,1456,2151,648,2447,3783,648,2037,648,2547,1998,648,1315,823,2044,648,2475,3282,419,648,648,648,387,2198,1331,991,3729,3681,3436,3387,1017,1234,485,648,1306,648,392,3618,19,3578,648,1841,3210,648,648,2099,648,2486,2149,1086,3200,1761,1422,3522,1714,648,2226,3463,648,1473,1593,648,1660,648,648,1447,648,648,1111,2621,2034,648,648,2263,512,536,588,1672,3326,648,1521,3255,209,648,648,2703,1555,1402,1414,1371,2713,648,648,2014,2425,1081,648,181,32,648,2175,648,1747,648,3101,3712,648,2940,724,648,648,1879,648,648,27,1034,1816,648,648,648,648,3252,648,676,648,648,45,648,648,1803,1356,648,648,1443,2438,1646,1945,2786,734,140,2532,648,917,1110,2006,648,3484,2428,1641,648,648,648,3619,2464,3587,648,648,648,648,648,3609,3595,648,648,2292,648,648,275,268,648,2598,648,648,3671,1941,2454,2067,648,1974,3701,3496,2007,2042,2206,648,3308,446,413,648,2709,648,648,2053,648,1969,770,2619,648,210,125,3765,1201,800,1319,648,1627,2822,648,648,3530,648,648,3215,481,648,648,648,618,2742,335,2092,3631,1566,648,3734,648,532,648,326,648,1076,648,2597,648,648,648,648,2497,648,3567,3611,648,648,648,648,648,2081,3534,648,648,648,835,648,648,648,648,440,648,648,648,648,1107,648,1334,648,1637,648,2080,1394,2320,648,416,1282,577,578,648,648,2647,648,1471,648,648,648,648,960,648,1787,875,691,648,1252,28,2152,3209,648,1726,648,2869,2514,648,3301,1526,1645,3598,648,1655,648,648,648,648,1458,1458,1458,1458,61,648,648,600,1934,648,648,648,648,648,494,2221,34,2772,1142,1150,924,1615,3527,2419,3365,2134,106,1238,1625,648,648,648,3725,72,2322,3486,3486,3486,2086,3723,1101,251,3802,3802,264,648,3398,3802,3802,3802,3802,3802,3017,648,648,648,791,2685,2487,1867,648,648,648,648,161,161,3723,277,648,648,648,1061,102,648,648,648,648,648,648,648,499,648,648,648,648,648,648,648,648,648,648,499,648,648,648,648,648,648,648,648,648,648,648,648,648,648,648,465,3569,1425,1558,1558,1558,1558,2906,648,1569,648,2499,2911,648,2061,1792,1861,648,1244,2286,415,1873,843,3770,574,648,648,648,3586,1047,648,2030,648,648,952,648,3541,3541,1445,1445,1329,2754,350,648,648,648,648,648,3038,3038,648,3038,3542,648,230,2716,2716,3056,3056,1872,1013,1724,648,648,385,2334,648,1597,648,441,3381,648,616,3582,198,1825,648,648,648,866,648,648,1970,998,648,1049,3767,648,2804,648,3520,648,3260,648,3421,648,648,648,3221,3049,1434,648,1312,1644,3154,648,733,112,3708,648,3451,780,633,3519,3533,421,1579,3296,1759,648,996,3800,648,648,2753,2285,1125,226,1782,648,522,3113,2130,1446,2667,689,648,282,648,648,2495,2792,648,648,648,648,648,648,1085,2680,648,648,648,648,