cm<-c(14,188,594,56,94,21,324,455,623,670,153,188,523,559,642,438,660,117,188,418,188,188,587,187,449,373,695,368,250,98,39,374,346,369,305,711,188,649,254,188,197,87,188,239,159,457,36,188,307,248,341,641,483,61,482,128,188,547,77,542,188,188,471,68,707,16,188,665,593,210,633,662,686,657,111,583,275,333,514,621,452,188,572,667,528,568,580,188,227,544,304,353,186,497,290,535,513,532,285,717,1,188,41,603,380,335,312,188,242,555,575,188,481,188,126,393,630,287,185,709,401,560,663,188,12,188,376,298,188,509,439,468,17,496,188,538,581,533,188,541,692,360,334,19,49,88,337,338,188,230,188,50,435,647,488,45,63,82,188,188,231,8,352,376,500,658,527,35,261,639,719,683,366,188,245,315,25,530,394,722,274,524,585,612,170,247,64,318,207,561,379,598,706,484,37,480,502,323,22,0,188,701,108,570,378,181,668,268,188,110,188,676,445,188,212,161,188,611,188,685,188,129,241,246,206,266,636,40,283,461,370,188,716,407,691,313,124,145,174,105,157,51,7,188,188,155,454,86,392,141,169,20,58,602,188,466,188,638,336,188,282,601,460,47,549,218,194,684,469,397,188,32,517,689,122,385,501,92,678,188,123,33,364,453,188,463,184,149,188,31,188,188,188,357,104,320,109,446,359,289,258,74,79,383,712,664,507,490,718,188,279,191,259,188,464,644,371,262,188,188,60,286,342,546,626,73,221,652,192,343,188,655,637,11,672,472,188,188,447,682,311,188,522,75,188,423,135,316,29,137,473,467,600,188,433,327,185,235,263,284,101,656,188,299,591,176,554,160,389,355,388,690,156,596,188,226,3,90,188,329,198,521,515,666,411,462,23,558,545,628,131,237,152,514,441,66,487,510,173,257,188,511,228,606,251,269,103,396,6,354,188,188,520,459,130,188,296,326,188,319,419,288,403,553,720,188,154,115,673,260,609,475,13,565,404,579,71,646,613,177,188,190,351,180,317,375,188,48,106,516,588,506,697,557,168,172,632,162,97,188,52,415,188,429,150,164,138,437,450,325,714,301,529,620,314,234,209,551,188,188,139,715,340,238,582,188,188,608,10,508,634,55,425,188,57,65,332,432,377,384,400,345,76,9,362,256,414,188,167,543,619,24,102,556,204,96,125,597,492,188,188,534,2,607,700,188,188,300,539,30,428,44,148,146,4,118,188,478,703,188,671,243,645,434,688,361,188,708,381,687,442,525,205,255,89,134,696,136,88,265,504,297,622,188,653,577,390,495,271,113,116,584,188,291,277,188,219,188,188,589,200,202,347,456,436,408,302,499,232,188,151,624,293,458,188,430,208,188,211,85,59,27,625,710,81,674,276,698,699,416,358,188,586,188,188,28,201,571,99,631,590,38,188,188,331,43,67,188,119,183,485,440,567,693,704,188,651,713,615,680,142,163,669,476,188,309,376,188,189,188,479,42,188,133,514,494,193,702,188,372,635,216,443,344,367,349,618,78,188,417,53,34,679,563,566,188,224,188,295,537,661,640,382,175,650,158,365,188,171,100,540,69,675,188,595,179,604,424,240,308,278,330,444,188,280,659,503,386,306,599,616,188,188,127,107,264,62,512,420,140,574,182,387,465,132,84,491,17,489,213,303,536,322,477,188,562,406,526,398,196,573,188,292,363,5,236,166,273,80,576,188,188,83,188,493,222,321,244,229,721,165,310,188,422,253,348,121,648,518,356,427,421,610,70,431,391,405,605,18,188,350,498,217,376,54,272,705,426,505,93,451,188,448,550,629,654,578,677,474,267,143,95,281,147,188,15,328,252,233,294,614,617,564,215,395,694,270,220,402,412,409,112,188,72,223,199,178,627,26,592,144,188,195,188,486,470,519,188,410,548,214,643,339,188,225,399,413,249,531,203,188,681,569,120,552,46,114,91)
mc<-c(12,348,323,40,348,17,189,348,332,348,99,348,292,348,348,348,358,348,348,238,348,348,348,348,348,212,374,348,152,68,27,213,201,211,348,348,348,351,348,348,127,60,348,348,103,255,25,348,180,348,348,346,348,44,348,83,348,304,348,301,348,348,348,48,348,14,348,348,324,137,340,359,367,355,348,319,166,348,348,348,219,348,313,360,348,155,318,348,348,348,348,348,348,277,176,298,348,296,348,388,348,348,29,321,216,348,348,348,348,348,315,348,267,348,81,348,338,174,348,381,226,309,348,348,348,348,348,178,348,284,246,348,348,348,348,299,348,297,348,348,348,348,348,16,34,348,348,348,348,348,348,36,245,350,270,31,46,57,348,348,348,7,348,348,348,357,294,24,348,344,389,348,210,348,155,348,348,295,348,392,155,348,348,329,111,150,348,186,136,348,215,348,348,268,348,266,219,190,18,0,348,378,348,311,348,120,348,348,348,348,348,364,348,348,348,107,348,348,348,368,348,84,348,151,133,348,348,28,348,348,348,348,387,348,372,183,348,348,114,73,348,35,6,348,348,101,254,348,348,93,110,348,42,348,348,348,348,343,195,348,171,348,348,33,348,348,125,348,134,348,348,22,288,370,79,217,278,64,348,348,348,23,348,253,348,258,122,348,348,21,348,348,348,204,348,187,75,250,348,348,158,53,55,348,383,348,281,272,348,348,168,348,160,348,348,348,348,162,348,348,45,173,198,303,334,52,348,348,124,348,348,356,342,10,348,262,348,348,251,366,182,348,348,348,348,348,88,348,348,91,348,260,326,348,348,348,348,145,161,172,70,348,348,348,322,116,348,105,220,348,348,371,102,348,348,144,2,348,348,192,126,291,286,348,232,257,348,348,302,337,87,348,348,348,348,348,348,283,112,159,348,348,143,327,153,164,72,348,5,348,348,348,290,256,85,348,348,191,348,348,348,348,348,307,390,348,100,348,348,348,328,348,11,348,348,317,51,155,348,119,348,348,202,348,185,348,348,348,348,287,320,348,348,308,109,113,348,348,66,348,37,236,348,241,98,348,92,348,348,348,385,348,348,348,184,146,348,348,348,348,348,386,196,348,348,348,348,348,9,282,341,348,348,348,41,348,348,243,214,348,227,200,54,8,348,156,234,348,224,348,348,348,69,348,131,65,80,348,273,348,348,348,1,348,379,348,348,348,300,20,348,348,96,348,3,348,348,265,380,348,361,348,348,348,348,206,348,348,348,369,248,321,348,157,62,348,375,90,348,348,280,348,333,348,353,316,222,276,165,77,348,348,348,175,167,348,348,348,348,348,129,130,348,348,244,230,348,348,148,348,348,335,348,348,348,242,135,348,348,59,43,348,348,382,56,363,348,377,376,235,203,348,348,348,348,19,348,314,67,339,348,26,348,348,348,30,47,348,348,121,269,247,348,373,348,348,348,384,330,348,94,106,362,263,348,181,348,348,123,348,348,348,348,89,348,275,348,348,348,348,134,348,249,199,209,348,331,348,348,237,38,348,348,348,348,348,348,348,348,348,348,345,348,115,352,104,208,348,348,71,348,49,348,348,348,118,348,239,348,348,169,194,348,348,348,348,348,218,348,348,348,348,348,82,74,163,348,285,348,348,348,348,348,259,86,61,348,348,348,138,179,348,348,264,348,348,229,293,225,348,348,348,177,207,4,149,348,348,348,134,348,348,58,348,274,348,188,348,321,391,108,348,348,348,154,348,348,349,348,205,348,348,348,50,348,221,228,348,15,348,348,348,348,348,39,348,134,240,279,348,252,348,348,305,348,354,348,365,348,348,95,224,170,97,348,13,193,348,147,348,348,348,310,139,223,348,348,140,348,233,231,76,348,348,141,128,117,336,348,325,348,348,348,348,271,261,289,348,348,348,348,347,197,348,142,348,348,348,348,132,348,348,312,348,306,32,78,63)
